240
750
1963
2777
3591
3821
4062
4511
4679
4706
4846
4859
4976
4983
5117
5287
5418
5529
5536
5561
5598
5664
5682
5710
5739
5740
5816
5820
5851
5963
6064
6089
6101
6159
6163
6210
6274
6285
6319
6341
6445
6479
6499
6521
6583
6673
6678
6773
6793
6794
6876
6963
7001
7064
7087
7150
7221
7235
7266
7322
7332
7380
7382
7461
7464
7483
7534
7576
7657
7670
7677
7696
7738
7739
7749
7797
7805
7843
7844
7900
7905
7906
7936
7937
8028
8029
8043
8140
8141
8158
8159
8163
8164
8456
8457
8524
8606
8618
8619
8657
8658
8699
8700
8702
8805
8806
8856
8873
8956
8957
9017
9018
9029
9113
9140
9154
9174
9175
9201
9219
9220
9300
9340
9341
9347
9360
9361
9449
9455
9528
9543
9544
9574
9575
9576
9630
9679
9680
9701
9703
9821
9823
9832
9833
9932
9954
11975
13530
13566
15848
17995
22465
23059
24913
26187
28516
28999
29188
29664
30692
31789
34561
39629
40648
43632
46544
47286
47930
48442
48699
48993
50164
53494
57444
57596
58290
58374
60205
60426
62575
63008
63516
64033
64651
262687
268303
269165
269242
271813
272216
275337
281196
282444
285333
292099
293232
297055
298006
300139
303050
305194
307431
307559
307617
308265
309901
310640
310719
311407
311873
313351
315276
315706
316309
320920
321429
325944
327217
327309
526530
529061
529711
530854
532975
533426
533797
536971
538429
540040
543439
544522
549729
555016
555596
556952
558237
558624
560172
564153
564744
566972
567893
569046
570287
573344
573473
576551
578603
578666
583759
584873
585117
585355
588409
588936
589070
786907
791584
794031
794835
797780
798640
799196
800732
803305
804282
804809
804997
808121
815178
815453
818216
821520
823295
825023
825400
829607
832281
832807
837226
837324
838533
841405
843247
843684
843996
847513
848710
1048951
1050081
1050550
1055572
1056192
1059243
1059507
1060935
1063191
1063769
1065984
1066880
1069426
1075263
1079217
1083899
1085152
1086054
1094136
1096855
1098098
1098667
1099295
1102730
1103170
1108088
1110514
1111681
1112431
1112558
1311058
1313244
1313477
1314626
1315092
1315835
1317539
1318776
1323012
1323206
1323729
1324549
1326275
1326688
1328941
1332878
1333151
1335188
1342380
1346045
1347896
1349349
1350921
1351484
1351928
1352548
1352986
1356932
1358184
1358702
1360166
1360206
1361559
1364255
1364329
1373226
1373786
1572909
1573361
1573421
1573550
1578070
1578697
1579478
1580720
1581461
1581694
1582694
1587757
1588574
1589063
1590807
1592854
1593035
1594575
1594948
1595702
1599408
1602606
1606449
1607340
1608027
1616669
1623434
1625892
1626309
1626742
1627927
1629911
1630879
1630914
1632119
1634532
1835545
1839792
1840415
1842535
1843419
1844012
1850078
1850671
1852029
1852259
1853646
1854822
1857278
1857947
1858110
1860280
1861290
1861464
1865718
1866529
1867564
1871452
1879755
1879813
1882006
1885163
1887446
1890855
1891818
1893917
1894939
1897114
1900075
2099437
2100167
2102240
2105765
2107009
2107454
2108353
2108679
2109724
2110060
2110715
2112946
2115546
2118774
2118906
2118961
2121031
2121463
2122955
2123150
2125468
2126932
2127954
2130538
2130624
2138481
2139660
2139776
2141000
2151312
2151871
2151943
2152994
2153387
2154425
2154652
2158972
2159523
2159695
2159736
2160508
2359482
2360712
2361749
2365037
2367392
2367780
2367915
2371074
2371924
2376743
2377416
2378499
2378625
2378759
2378979
2382517
2386096
2386341
2390515
2391868
2396603
2396686
2399915
2401580
2407672
2410134
2415155
2415259
2415532
2415597
2416490
2422186
2423653
2424037
2622168
2626028
2627199
2631615
2634066
2634086
2636126
2637028
2637673
2638278
2639786
2645979
2648274
2649095
2649812
2655029
2660475
2662039
2664155
2667592
2669237
2669961
2673665
2675119
2678501
2679583
2679630
2685600
2890241
2900051
2900993
2905295
2905555
2906344
2906506
2906629
2907064
2907444
2922417
2923806
2927088
2927360
2928171
2931386
2935829
2936664
2936934
2937575
2949102
3151816
3152230
3160149
3160358
3163542
3164935
3172997
3175574
3175698
3176047
3179604
3180336
3183669
3184379
3187194
3188955
3196175
3196846
3197944
3198375
3199358
3200391
3200713
3205518
3207989
3210168
3210475
3210552
3210597
3210801
3408035
3410584
3412729
3413087
3415659
3418386
3419405
3419830
3420433
3427831
3430464
3435202
3435475
3438870
3440185
3440819
3441349
3443323
3449506
3451531
3451545
3453780
3455782
3456512
3457964
3459075
3460542
3460608
3461744
3467537
3472623
3670421
3672724
3672896
3675857
3676463
3680602
3681745
3681768
3682553
3684235
3688380
3689551
3691034
3696804
3697271
3698338
3700834
3703007
3704862
3705534
3705689
3708054
3709686
3712237
3718145
3724299
3728906
3730247
3730660
3733309
3733641
3734292
3932655
3933464
3937787
3938463
3940598
3941847
3942509
3944559
3946045
3950353
3954540
3955255
3955380
3955908
3957248
3958668
3962947
3966673
3967998
3968288
3972438
3973389
3973960
3974529
3974678
3978935
3980285
3980606
3981891
3984733
3988668
3989437
3991588
3995025
3995434
3995556
3995656
3996227
4199995
4205473
4206908
4210855
4214158
4216194
4225130
4225664
4226173
4226319
4229125
4235995
4239610
4240589
4241463
4246440
4248494
4255453
4456521
4456525
4457540
4458251
4463743
4465276
4474503
4476442
4478385
4479459
4480233
4482317
4482812
4482887
4483630
4484460
4484837
4486252
4486740
4487230
4489451
4489957
4493079
4497145
4497809
4501163
4504379
4506438
4510944
4511633
4519001
4718641
4723582
4728810
4730016
4730064
4733964
4734953
4735834
4735965
4736247
4736763
4737479
4739433
4740866
4741417
4743263
4743798
4749645
4750187
4752308
4753252
4755183
4755503
4756743
4758993
4762888
4769686
4773177
4773589
4774736
4774957
4775163
4779099
4782065
4782299
4782305
4783502
4783523
4986692
4987034
4987453
4988876
4989392
4990328
4996118
4999651
5002393
5006193
5009308
5013346
5016559
5023085
5025299
5026156
5029029
5029898
5032271
5032286
5034187
5034401
5037361
5038494
5042112
5043547
5044573
5045061
5243243
5243323
5243353
5244088
5250451
5253621
5254429
5255797
5258474
5258657
5259361
5260874
5263524
5264679
5265087
5266860
5268523
5269514
5271415
5273349
5277033
5279564
5280441
5283495
5283623
5283849
5284004
5285064
5285675
5289923
5294309
5299431
5300463
5304531
5305632
5305818
5307551
5508653
5509904
5511624
5513629
5514730
5518575
5519839
5521581
5522440
5525787
5529609
5536117
5540248
5542409
5542590
5544722
5547291
5550369
5552130
5552854
5553529
5566977
5569086
5569174
5569776
5773068
5775144
5775449
5776757
5778167
5783380
5784728
5785634
5791839
5798506
5799782
5801378
5801449
5808821
5812495
5814996
5817227
5817803
5818096
5819218
5820513
5822297
5822915
5823253
5831047
6030137
6031737
6036665
6041177
6044711
6048125
6048937
6050177
6050184
6050925
6051784
6055034
6055532
6058147
6061406
6063708
6066519
6068576
6072426
6074118
6075285
6075454
6075684
6078935
6079239
6081433
6088608
6088835
6088939
6092508
6093162
6293520
6296124
6299025
6299905
6303264
6318158
6319037
6322146
6323917
6325044
6327816
6328156
6328819
6332682
6333648
6334718
6335335
6336365
6338414
6340277
6342061
6344873
6345961
6346581
6348356
6348531
6349740
6350593
6353290
6355613
6556032
6559472
6560942
6560944
6564879
6565036
6569612
6577680
6581426
6581612
6584209
6585294
6588826
6588913
6596177
6599440
6599795
6600787
6601740
6603486
6605727
6605870
6610409
6612952
6617116
6817137
6825783
6830057
6834328
6834862
6837501
6838991
6846031
6847851
6851009
6852484
6855303
6856766
6856950
6858792
6859529
6864836
6865997
6868078
6872053
6873053
6873609
6875074
6876078
7077995
7081268
7081485
7083570
7087033
7087270
7089964
7090058
7095338
7100055
7101460
7111478
7117570
7120768
7124809
7124980
7132810
7132959
7133516
7134652
7137543
7138230
7140211
7141138
7341332
7346479
7348028
7349542
7350411
7350997
7352117
7354961
7355083
7358441
7361781
7363244
7364181
7369276
7370891
7371152
7371752
7375369
7376054
7376137
7376711
7380905
7383267
7387050
7388137
7391218
7392908
7394067
7395619
7396776
7403815
7404869
7404870
7611204
7619978
7623098
7624947
7624969
7625386
7627002
7632200
7637034
7642511
7642869
7643235
7644456
7644962
7645162
7651663
7651709
7651910
7655965
7657015
7661071
7662464
7864478
7865080
7868892
7870398
7871930
7872475
7873319
7873965
7876335
7878348
7879276
7880932
7882452
7882525
7885338
7886707
7886944
7887198
7889494
7891593
7901758
7904976
7907443
7908283
7910506
7912892
7914473
7916036
7919442
7921923
7927127
7927293
7927742
7927938
7928244
7929802
8127326
8127403
8129478
8131019
8133736
8133873
8134105
8135426
8137435
8138429
8138461
8140973
8143266
8145387
8151191
8151398
8152150
8154012
8156776
8157310
8158525
8161622
8162229
8163618
8164394
8167799
8167998
8171869
8176517
8181094
8181345
8182108
8182176
8188699
8190036
8190222
8191339
8393602
8394919
8397053
8401392
8402369
8403132
8405286
8408688
8408705
8409115
8410905
8411384
8411652
8414573
8415539
8416283
8417658
8419677
8420158
8420628
8423129
8424075
8432918
8435061
8435334
8441529
8442011
8443045
8446399
8452870
8650962
8654861
8655262
8659441
8660249
8660443
8660523
8662567
8665045
8666770
8668926
8669029
8671617
8672677
8674066
8677777
8679374
8681015
8687327
8689766
8691637
8692838
8693988
8694212
8695128
8697153
8699474
8700143
8701930
8705744
8706988
8707068
8913897
8914763
8917135
8917398
8923315
8923548
8926815
8928548
8929235
8929331
8929339
8930423
8930550
8934356
8934431
8935942
8939065
8940209
8942053
8943000
8943998
8946466
8947203
8952633
8953711
8954583
8954627
8957394
8959142
8961217
8961349
8962020
8964560
8965882
8966040
8967436
8971179
8975726
8976319
8976498
9178247
9178486
9178851
9180615
9181887
9184517
9188605
9190115
9192045
9198328
9200674
9201722
9203063
9204216
9205522
9206261
9208799
9208801
9212115
9220329
9223870
9224102
9226445
9233856
9233903
9235398
9236754
9238387
9239832
9437403
9437989
9438760
9440456
9443002
9443135
9443244
9443272
9448402
9452192
9453546
9457195
9459452
9462587
9463580
9464003
9466714
9468082
9475223
9476083
9479599
9481719
9482564
9486613
9487690
9490197
9498311
9499050
9699440
9699504
9699778
9700508
9702169
9703019
9704570
9705216
9707603
9708851
9711068
9712906
9714416
9720067
9721038
9724786
9724881
9729719
9729835
9731047
9734112
9734854
9735105
9737632
9744650
9746457
9752108
9752589
9752617
9754481
9755610
9758698
9759116
9759532
9764386
9963068
9969146
9973096
9975277
9976206
9979086
9982641
9989984
9991386
9994478
9995145
10001495
10006585
10008762
10008764
10012856
10015379
10016503
10018282
10020853
10024481
10025699
10224280
10226911
10229876
10231094
10234095
10234103
10234499
10235553
10237940
10238639
10242683
10244856
10247417
10248026
10249648
10250705
10251122
10252602
10253338
10255779
10259566
10262944
10265875
10266048
10269362
10273138
10275545
10277723
10279191
10281059
10281844
10282727
10283051
10286385
10288085
10486492
10487704
10487919
10489985
10493069
10494357
10494686
10495926
10500599
10505732
10506117
10508259
10510480
10514857
10515857
10519071
10520262
10521848
10521878
10522985
10523042
10523463
10527547
10529897
10532005
10537981
10542869
10544211
10548249
10548345
10748130
10749878
10749953
10752562
10753767
10760314
10763640
10765593
10767317
10768454
10775793
10776790
10776948
10778419
10778464
10779436
10779849
10781166
10781745
10785483
10785599
10787143
10787416
10787663
10795638
10796484
10796587
10798671
10799417
10799776
10803600
10804414
10806043
10807089
10808275
10809438
11011584
11013219
11015858
11015888
11017050
11019448
11021241
11021261
11022524
11023466
11027585
11028813
11030875
11041593
11041793
11042066
11042355
11043221
11044787
11047468
11048565
11050221
11050938
11057262
11061306
11061883
11067416
11068740
11072116
11072940
11274079
11275547
11280018
11281204
11283881
11286035
11292305
11292972
11295252
11296905
11297141
11297726
11302173
11305459
11306301
11308340
11309048
11309618
11309871
11317177
11318197
11321838
11322170
11325317
11330069
11330370
11331707
11333278
11335415
11335667
11336048
11536501
11545155
11548045
11552703
11556104
11557735
11558117
11562976
11563021
11564365
11564571
11565460
11569408
11577910
11580867
11584743
11584857
11587740
11591482
11592062
11592245
11592917
11593197
11594583
11594865
11598861
11798833
11800499
11801875
11803165
11808850
11811368
11813670
11817597
11817598
11821715
11824648
11826243
11828380
11830869
11838892
11841621
11845622
11846908
11848535
11848999
11849280
11857721
11858394
11859342
11859873
11860985
12060438
12060887
12066218
12072805
12081112
12081779
12082811
12086504
12096566
12106671
12106779
12106843
12108677
12109454
12109642
12110261
12114382
12116913
12122420
12326021
12329124
12330464
12332527
12332861
12335850
12336517
12337039
12338310
12339040
12341940
12342353
12345870
12348237
12349028
12350129
12350836
12351070
12351088
12351173
12351917
12352191
12353163
12353444
12354847
12356878
12358069
12359903
12360753
12363147
12366055
12366323
12371675
12374303
12378725
12379711
12383660
12386283
12587379
12588216
12588877
12594725
12597497
12598531
12599585
12601574
12608710
12608921
12611593
12617707
12618135
12618865
12623621
12631194
12631496
12632000
12636893
12637120
12639450
12644091
12645606
12646082
12648360
12846376
12846723
12846895
12847178
12848075
12848534
12860094
12861954
12862351
12862589
12863295
12865542
12867438
12870378
12871321
12871633
12872375
12874526
12879593
12880101
12882905
12883200
12884482
12885836
12887042
12889010
12889618
12892340
12895587
12902817
12903327
12906625
12910171
12910367
13110472
13112401
13112441
13113847
13115326
13117490
13121648
13122967
13123036
13127886
13128085
13139573
13143427
13145275
13146015
13150070
13150243
13157114
13157477
13158224
13160715
13160798
13162416
13164412
13166080
13169200
13169433
13370651
13370743
13371307
13372914
13377817
13380995
13387342
13390773
13394405
13395110
13395634
13397668
13403978
13404669
13407904
13409954
13410851
13412289
13414682
13414786
13417470
13419498
13421697
13424444
13431825
13432629
13433320
13433344
13434428
13632479
13632513
13636605
13637300
13637482
13638716
13641914
13643187
13644137
13647452
13652322
13654500
13657546
13657723
13660034
13661972
13662901
13664160
13666274
13671546
13676840
13681073
13682267
13684739
13684811
13686659
13687602
13688775
13692865
13696204
13696920
13898147
13900351
13908124
13910256
13911625
13914175
13917506
13917932
13918510
13918954
13919174
13920211
13920936
13921190
13921884
13925090
13925884
13928408
13928592
13929017
13931416
13931752
13932299
13934016
13934920
13938181
13938960
13941704
13943292
13945163
13945775
13948187
13951807
13952695
13953202
13956423
13957537
14157873
14158746
14163677
14166296
14166654
14168527
14168803
14174475
14177653
14178287
14179114
14181237
14182595
14183523
14185779
14191737
14192872
14195515
14197525
14206185
14206833
14208570
14213345
14217165
14328089
14420300
14420788
14423730
14424773
14426594
14430673
14434040
14435510
14439639
14439811
14444146
14445290
14446029
14447259
14447784
14453123
14454920
14455231
14457108
14458788
14463106
14467049
14468683
14469011
14471062
14471932
14473494
14474466
14478854
14479232
14479632
14481238
14680196
14685109
14686493
14688136
14689407
14689409
14690401
14694006
14705255
14705637
14710141
14718870
14719073
14719345
14721964
14722672
14723734
14726741
14732270
14732410
14732536
14733443
14736144
14736639
14736832
14946030
14946845
14948801
14955211
14955667
14955976
14958278
14958818
14960346
14960528
14964920
14964967
14965410
14966133
14968995
14971618
14974201
14974397
14974566
14975364
14975782
14979198
14979835
14985157
14985398
14987297
14992081
14992515
14996339
14998381
14999749
15002640
15003714
15004612
15005935
15006445
15006557
15007137
15205274
15206539
15208754
15209326
15209742
15219218
15224272
15224452
15227531
15231001
15232459
15238342
15241504
15241892
15241993
15242083
15248371
15250632
15252392
15252945
15256481
15256877
15263190
15466990
15470715
15475517
15480975
15483160
15486279
15487420
15488547
15496510
15498513
15501458
15501588
15502490
15506267
15510053
15515675
15518512
15519903
15523642
15523995
15528491
15528770
15528795
15530588
15730929
15732716
15735660
15735827
15738669
15740839
15741925
15744259
15744917
15745863
15751689
15752059
15752311
15754233
15755048
15756234
15756664
15757964
15758058
15759848
15761779
15764086
15767608
15768504
15774761
15779920
15782641
15783850
15787170
15787902
15789584
15789958
15790244
15991556
15991594
15994402
15998315
16001409
16003211
16007823
16010367
16012700
16015586
16016159
16019627
16019856
16021856
16022366
16023023
16026418
16027145
16027282
16031572
16031731
16032982
16037773
16037811
16039808
16040520
16041748
16042834
16045600
16046587
16047353
16047791
16049147
16049650
16052705
16053540
16053669
16053720
16053723
16053736
16056059
16253203
16256243
16257017
16257800
16260914
16262066
16264767
16268799
16269137
16272063
16274616
16276557
16277290
16281326
16283016
16283576
16286962
16289738
16291271
16292025
16292079
16292472
16295007
16296400
16301833
16303006
16306117
16306365
16310393
16311834
16312224
16312337
16314806
16314854
16409569
16515999
16521488
16521625
16521745
16522193
16522401
16527274
16531324
16531971
16533743
16533805
16540730
16540858
16541150
16544763
16549699
16551824
16552507
16553013
16556350
16556419
16557520
16557601
16557671
16558774
16558992
16563409
16563835
16566068
16572048
16573244
16573783
16576822